1912
63
62
2697
577
1798
2694
2693
1794
2690
1792
1791
58
55
3705
3586
569
567
1786
1784
561
632
1936
40
3576
559
3574
3573
556
1554
553
1772
1771
38
3566
548
1768
545
544
543
542
541
540
1761
1760
25
24
22
3558
3556
3555
2656
535
533
531
530
1751
1750
10
2649
3542
525
2643
523
1744
367
2864
2639
3535
2637
3533
1738
515
514
1735
512
511
378
3528
3527
3526
508
1726
1725
502
1722
1720
1996
3518
2619
3512
1717
2611
2610
1711
3782
3784
1733
3506
2605
1707
1703
1702
3896
2996
2995
1095
1629
1746
868
3881
1087
1085
1084
1083
3877
2979
856
2974
2973
1076
2971
1074
1255
3866
3861
3860
2961
1656
1062
3857
2957
1059
1056
1054
1599
1052
2555
3847
3845
828
820
69
3838
3835
2936
3832
2934
1036
1033
2163
1277
3829
3828
1778
3825
3823
2925
804
1026
1025
1023
3817
1019
3810
1011
196
194
1783
2675
2677
3808
2907
1008
3800
1006
2901
1003
1001
829
3195
1399
173
171
170
1391
2688
1487
1488
2289
169
168
1389
2284
2283
1385
2280
1380
2279
159
158
156
2274
1376
1374
1373
1369
3162
146
1366
2260
346
2249
1359
1357
2253
2252
2250
1352
3149
3147
3146
129
2247
2246
1377
2243
2242
1344
1343
120
119
1338
1337
2233
2232
2231
1333
1332
1330
2316
1428
1329
2224
2221
1322
203
4019
3117
1319
1318
3110
1314
1313
1312
497
496
494
493
491
490
3214
2209
4002
2206
1307
1303
1301
1300
487
484
483
481
3496
2598
2597
1699
3492
1697
474
1695
1693
3488
3487
3485
3484
3483
1687
3480
1678
3471
452
451
450
3469
3468
3466
2567
445
3460
1662
1661
1660
3459
439
438
1659
3452
434
433
455
1653
2153
1964
3448
1075
428
460
3442
3441
2543
423
1644
420
1641
0
3437
419
1639
3432
3431
414
2531
477
478
479
3426
407
3420
1625
402
1622
1620
2518
2516
3411
1615
3264
796
3501
1708
2509
3404
1609
1603
1600
105
107
1718
3893
3799
113
2896
1721
2893
1724
1994
2612
3788
3786
123
1989
766
3781
3780
1985
3510
134
3772
1742
1745
2870
2633
2634
2636
3524
141
2868
3763
3761
2863
1960
2642
3530
3534
3758
3756
1959
1763
1764
1954
2659
2849
2848
728
1948
3741
3740
1944
1941
1779
489
558
2669
3735
1939
3731
3730
1935
1932
1931
2678
3561
2828
3724
3723
3722
188
1922
1799
3578
3719
3712
2813
1911
1407
3707
1902
3097
2199
1425
1426
1297
1296
2191
1290
3205
1645
2189
2187
1281
1280
3076
1444
1278
2174
1275
1272
2047
7
3
3068
2169
1453
1269
3061
1265
3055
1259
1258
1250
274
3049
2149
3043
1247
2142
1243
1240
252
3036
3034
1238
2133
1232
1230
2129
2126
3022
3020
1223
1222
2114
2111
1213
1109
395
394
392
3009
266
2102
1203
388
3296
1947
3397
3395
376
374
373
1199
370
2587
1135
3386
369
1589
236
1584
2480
271
3378
2479
359
1577
1575
1574
1573
1570
3924
3925
349
347
1568
1567
2463
1565
2461
1563
1561
1826
3930
1161
339
2456
2455
1557
332
331
330
1551
3349
3345
3344
1549
2445
1547
3340
323
320
3954
2438
2437
1539
2434
314
1532
1531
2215
3329
308
1529
1528
3321
2421
1520
400
3319
2419
2415
1517
2412
1513
1511
2723
3304
2403
2400
688
204
206
208
3991
3699
3697
213
677
1896
1895
1894
671
1891
3605
3608
3688
221
3683
1888
3680
1885
2781
1882
1881
1880
3610
3677
232
3674
1878
1877
654
1875
652
1870
1356
3668
649
647
646
1867
644
1863
1029
3631
1349
1698
1970
3658
3656
254
2054
258
2298
2557
1851
2844
2758
3222
3454
3733
3646
628
3642
1861
1844
2740
1842
4020
2760
2739
3635
3634
1839
1837
614
1835
1371
1830
2627
1736
3660
3625
1829
1828
605
3620
603
416
917
1819
3611
1816
1814
1811
1810
997
995
1503
1387
2709
3604
3603
3602
1807
1806
1804
2700
1801
1800
987
422
900
980
1518
978
977
2096
1198
1195
2091
1193
915
933
3989
968
1189
3981
963
1185
1184
1182
934
3973
953
2072
951
950
1548
1171
3324
3969
3966
949
2068
947
946
161
1553
398
2062
908
1163
1162
1160
942
944
948
3959
1159
1158
3950
1156
2052
930
1152
2451
2652
3946
3945
3943
1149
925
2042
921
920
456
962
3938
919
3934
3931
914
913
1585
2031
1132
1131
1130
976
3361
3365
3926
2029
2028
2026
1128
2024
1125
1124
1123
1122
1121
961
469
989
3914
2017
1118
1115
1114
1113
299
1110
295
2497
291
290
3383
3904
3902
1107
2003
1104
2384
1101
288
285
604
606
2399
276
3291
1496
272
2390
1491
617
1545
269
2385
488
3280
1485
1484
2125
626
1242
2377
257
3272
2374
2373
1475
2371
1473
250
634
2138
1559
249
248
1469
1467
1465
641
1460
3033
2355
1267
2351
1450
3343
471
2458
1271
2347
2344
224
1445
2341
1443
3236
2336
2334
1435
211
1432
1431
1294
1429
2325
1427
92
2322
1424
1422
1421
1420
2317
85
82
81
2311
1410
594
592
591
77
1408
73
72
862
587
