388
1380
966
1377
396
1371
1370
1361
1359
1357
3141
1343
1340
1339
59
57
56
1322
2217
1318
2214
1313
1311
3106
1308
24
1330
1331
1699
1694
3488
3481
1686
1683
1682
616
1679
1677
1673
394
391
1667
1665
1661
385
1653
1651
374
363
359
355
354
1625
1621
1620
348
347
1619
3400
1605
1604
326
313
300
2943
1964
3759
684
2850
414
675
663
434
654
2821
641
2810
1910
1906
1902
1901
628
620
475
1294
617
3080
1284
488
1280
490
1277
497
995
993
1267
101
1262
1261
1260
3053
1258
3051
1250
118
978
976
3044
1245
1244
1243
3036
960
953
2
1221
948
941
940
3010
934
1209
930
1201
3397
3394
1599
1595
2491
1591
917
1584
1580
1575
1573
1571
1570
3368
296
3363
1565
1563
2458
1554
2450
278
1549
1545
2439
263
1536
1532
1528
1520
1517
1515
238
2406
1504
227
226
2794
1894
1891
2787
1888
2782
1881
1879
1878
3670
1872
596
592
2763
1864
584
580
2753
513
579
530
3644
1849
1845
1844
1840
569
3639
1839
560
1835
1830
557
555
1801
1828
1827
2723
1823
548
168
398
614
980
1391
1556
1814
1818
2183
2754
3605
1807
1826
3417
3815
563
523
1198
514
510
1189
1184
503
502
1173
1172
898
1163
1162
1160
1159
1149
1148
1850
1893
1132
1126
1125
1124
1122
3913
1113
254
2394
1496
1491
1488
1487
804
1479
2375
1474
1473
1469
1467
1459
1456
1453
175
1448
921
1592
3234
3232
1431
1429
1427
3220
1425
3216
3213
1416
3200
1238
3599
1799
1796
1794
1791
116
1789
1786
1772
1771
493
1767
1763
1761
604
483
1759
1751
474
471
1740
1553
626
1438
460
1736
1731
1730
455
453
450
1725
1720
643
647
1707
1703
422
418
686
1080
403
402
1076
782
1056
1054
1052
1051
3840
935
3837
1032
2925
1026
2920
346
1014
1003
954
1397
2291
1392
1390
717
