8538
7754
8670
5599
8115
20812
8558
6888
12655
6886
5582
4906
4909
13111
5579
9557
1924
9839
7725
21105
6918
6912
20247
2598
2596
12465
12540
6905
10321
4254
4253
4252
983
795
4698
21489
4695
28714
15372
4249
6799
10601
8668
6794
6793
14770
6895
823
13506
16377
24423
7091
3411
25182
10042
4219
7089
19821
8928
8926
9191
2102
2100
23603
1544
14585
18514
1980
27278
9182
27287
8912
698
5009
6309
15045
7064
23049
18947
3338
12618
11265
4585
2610
17141
21864
11306
11303
11302
7498
11300
5388
2511
18703
11747
21904
16817
2456
4562
16002
27132
3305
1590
13295
7026
7024
2882
22097
2432
21826
9615
8263
10049
2428
4708
2424
4485
8256
7939
15914
10299
21759
19635
8739
14068
7925
22607
2350
18747
8232
2797
6077
8678
10324
19122
1533
1530
992
7905
26801
10318
493
9515
19966
18741
4438
4433
486
11554
8151
25449
4917
2801
29
10684
7705
7797
2257
4902
8134
10102
7769
10298
10316
19022
4847
18708
21534
18704
4796
1921
8324
