19966
3395
5009
14398
6309
19022
18708
7064
18704
18703
3338
12618
20812
7498
5388
2511
29
3411
1658
4585
4796
4847
9595
13111
13295
2456
4562
24423
3305
1590
2449
20247
2882
9615
16002
21489
8263
28714
4040
2428
2424
21034
4485
10601
9557
6077
14770
7939
2410
10102
15045
16817
13506
10049
25182
2350
10042
18747
8232
11298
2797
7905
8678
19821
27287
8670
1041
992
23603
1533
7797
1530
546
7946
18514
4695
8668
4698
27278
983
25160
9515
4438
8324
11265
8151
17141
21864
4917
11306
493
11302
11300
10298
11747
21904
4909
4908
7820
4906
2257
4902
8134
7024
12540
7769
1924
1921
18947
7754
5599
5598
8115
6895
21826
8739
1045
6888
5582
19122
5579
19595
15914
15372
10299
19635
7725
6918
14068
6912
2598
27132
4254
4253
4252
2100
10324
10321
7705
1544
4249
10318
6799
10316
6793
21105
5983
823
21534
21759
25449
18741
2610
14476
14168
11554
2102
2262
2432
7091
2596
2801
4219
7089
4216
8926
9191
4708
795
10684
9182
8912
698
