1024 5.567928730512249
4096 77.17750826901874
1025 0.0
1026 22.714366837024418
1027 38.99721448467967
1028 17.162471395881006
1029 28.058361391694724
1030 5.767012687427912
1031 34.403669724770644
1033 5.656108597285068
1037 22.44668911335578
1038 44.89337822671156
1039 5.665722379603399
1040 17.035775127768314
1041 10.758472296933835
1046 189.97707173272192
1047 76.7316466196599
1048 166.19790334952697
4132 26.666666666666668
1063 11.682242990654206
3119 90.56244041944709
3120 33.05785123966942
3121 11.344299489506524
3122 11.29305477131564
1075 91.28251939753537
3123 0.0
3124 47.543581616481774
3125 11.350737797956867
4149 0.0
1087 16.7973124300112
1088 11.415525114155251
1089 0.0
1090 52.287581699346404
1091 16.348773841961854
3140 88.10572687224669
1097 26.666666666666668
1098 11.370096645821489
1100 298.9855846235985
1101 34.266133637921186
1102 62.82124500285551
3152 0.0
3153 0.0
1106 24.92522432701894
1109 72.74490785645006
1110 154.58937198067633
1111 28.47380410022779
2135 0.0
3159 32.017075773746
1113 38.65267807840972
1120 11.383039271485487
1121 0.0
1122 11.185682326621924
1123 5.757052389176741
3171 31.222123104371097
1124 22.509848058525606
1125 0.0
1126 0.0
1127 5.611672278338945
1128 22.42152466367713
1129 0.0
1130 0.0
1131 0.0
1132 11.45475372279496
4214 5.730659025787966
122 5.48847420417124
2170 11.1731843575419
123 69.80161645848641
3195 115.84609019445594
125 10.660980810234541
126 27.502750275027502
127 11.357183418512209
128 33.50083752093802
129 17.055144968732233
130 0.0
132 79.05138339920948
133 61.904761904761905
2181 21.965952773201536
134 5.621135469364812
136 5.48847420417124
140 88.90968647636875
141 121.38521956444127
149 0.0
3226 5.691519635742743
3230 701.0448264239973
3231 41.731872717788214
3237 206.6957787481805
1192 4.952947003467063
4264 0.0
1194 115.14933429291112
1195 22.123893805309734
3249 0.0
1204 106.32344711807498
3252 10.828370330265296
3257 0.0
3258 0.0
1212 0.0
2243 55.14705882352941
2244 5.592841163310962
3268 5.546311702717693
202 51.89620758483034
1231 0.0
1234 236.14895549500454
2258 0.0
1235 16.949152542372882
1236 0.0
1237 5.72737686139748
1238 0.0
1239 5.72737686139748
1240 51.13900511390051
1248 5.530973451327434
1249 10.863661053775122
1255 11.254924029262803
2279 0.0
1256 16.233766233766232
1257 5.73394495412844
2283 21.34927412467976
2284 11.26126126126126
2285 5.7405281285878305
2286 5.627462014631401
2288 0.0
3318 152.8478731074261
3319 11.494252873563218
3320 0.0
3321 11.357183418512209
4346 628.4268241248418
3323 11.331444759206798
1278 0.0
3329 169.53316953316954
4353 22.81021897810219
3330 0.0
4354 131.94834362717575
3331 0.0
3332 0.0
3333 5.6785917092561045
4357 0.0
3334 0.0
4358 226.20380739081747
1288 17.152658662092623
3336 0.0
4362 149.4949494949495
268 21.470746108427267
2316 0.0
4364 37.634408602150536
3341 0.0
1296 38.13882532418002
2320 26.997840172786177
3344 0.0
1297 109.5344784665173
1298 29.865604778496763
3346 0.0
1300 11.055831951354339
1301 0.0
1303 5.6785917092561045
2327 77.88689468337284
1304 10.97694840834248
1305 76.37474541751527
2331 22.434099831744252
294 107.0154577883472
1324 79.90867579908675
304 0.0
1330 0.0
4404 67.29475100942126
4408 5.159958720330238
4413 10.718113612004288
3398 5.714285714285714
4426 0.0
4439 48.38709677419355
3416 85.95988538681948
3417 16.32208922742111
4444 49.599389545974816
4446 18.69158878504673
3424 15.965939329430547
3425 108.21446138711264
3426 97.94319294809011
3427 0.0
3428 173.84327360256754
357 22.271714922048996
358 53.676865271068166
3438 17.094017094017094
3439 5.73394495412844
1394 10.840108401084011
1398 34.09090909090909
1399 51.3405590416429
2428 19.66568338249754
1406 5.743825387708213
385 122.88276320159416
4487 17.29106628242075
2444 32.017075773746
4493 66.69136717302705
4494 0.0
4495 75.3880266075388
3473 5.425935973955507
4497 194.03347077370847
3478 16.87289088863892
3479 5.714285714285714
3483 20.181634712411704
412 16.70378619153675
1436 72.82913165266106
3487 5.730659025787966
2466 4.909180166912126
2469 21.493820526598604
2470 64.0888698995941
2471 0.0
4523 28.82599580712788
4524 51.965657478535924
435 0.0
1461 55.92272496187087
2485 5.643340857787811
1462 11.441647597254004
3510 32.863849765258216
1466 81.77008177008177
3515 68.72852233676976
3521 0.0
4549 13.736263736263735
454 83.51488743645606
3526 22.136137244050914
455 0.0
456 0.0
2504 817.9959100204499
2505 139.93541442411194
2506 85.37279453614114
460 0.0
2508 96.82625067240451
1485 147.92899408284023
2509 65.86169045005488
2510 33.93665158371041
2511 17.311021350259665
2512 11.560693641618498
2513 17.25129384703853
4561 433.0125832716506
2514 22.90950744558992
2515 346.6666666666667
468 93.9306358381503
2516 5.714285714285714
471 0.0
1500 32.76897870016384
4575 45.75707154742096
4576 5.747126436781609
4577 10.887316276537833
4578 5.720823798627002
4579 0.0
4580 5.704506560182544
4581 0.0
3567 50.97312326227989
3568 16.920473773265652
4594 33.222591362126245
499 0.0
500 21.447721179624665
501 70.94211123723042
502 0.0
2550 58.79470847623714
3575 11.344299489506524
4599 0.0
4600 24.61841457410143
505 0.0
4601 507.1622144792876
2554 31.89792663476874
2555 23.957834211787254
1535 23.14814814814815
512 0.0
4612 16.97792869269949
3594 167.75396085740914
3595 0.0
3596 5.76036866359447
3597 0.0
529 36.596523330283624
1554 17.201834862385322
1559 0.0
1560 39.1644908616188
1561 95.73542210617929
1562 0.0
2588 39.45885005636978
4644 10.845986984815617
3622 10.030090270812437
3624 0.0
4649 0.0
3629 5.58659217877095
559 27.716186252771617
560 11.376564277588168
3638 138.37327033412083
3639 32.34501347708895
3640 44.31314623338257
1595 0.0
2623 241.43985952589992
2624 0.0
2625 0.0
3653 5.485463521667581
3655 11.318619128466327
3656 21.798365122615802
3657 74.487895716946
587 11.318619128466327
3660 16.844469399213924
594 32.972209138012246
597 327.59578012215434
3670 65.82278481012658
4694 38.595137012736394
4695 607.9747335175681
601 11.267605633802816
602 17.133066818960593
4698 152.4914089347079
604 151.68539325842696
3676 11.013215859030836
4700 0.0
605 113.76564277588169
1633 0.0
612 0.0
2661 53.84615384615385
614 22.358859698155396
2662 31.042128603104214
2663 0.0
3688 85.30805687203791
3689 27.824151363383418
619 26.981450252951095
3692 16.685205784204673
625 0.0
2673 21.62162162162162
626 5.445140212360468
3698 27.502750275027502
2677 0.0
4725 33.42884431709646
3706 105.7014734144779
3707 21.777003484320556
3708 32.87671232876713
3709 21.197668256491784
1662 16.129032258064516
1666 36.681715575620764
647 57.88712011577424
4751 359.83935742971886
656 0.0
3728 0.0
2706 0.0
662 42.780748663101605
1687 31.89792663476874
2711 0.0
4759 170.50553395154054
2712 0.0
4761 122.80701754385964
2714 48.05382027871216
4762 75.7934628138323
3744 5.730659025787966
3745 0.0
1702 0.0
685 0.0
1709 0.0
689 62.30529595015577
690 45.04504504504504
692 32.327586206896555
4789 238.81601076353851
696 43.62050163576881
2746 22.259321090706734
1723 38.095238095238095
2747 11.42204454597373
3771 203.25982742090125
3773 35.03503503503504
3774 68.61063464837049
3775 53.59535506922733
3777 104.12147505422993
3779 85.8000858000858
3782 11.325028312570781
3783 0.0
712 0.0
713 0.0
3785 16.987542468856173
714 0.0
3786 0.0
3787 17.045454545454547
3788 0.0
2765 10.298661174047373
3789 0.0
3795 0.0
3796 21.436227224008576
3797 5.633802816901408
4838 0.0
4840 126.02739726027397
4842 27.247956403269754
752 16.82557487380819
2802 18.779342723004696
1792 17.191977077363898
1798 218.36058077054992
1799 148.57489387507582
1800 17.18213058419244
1801 915.7422704743923
2825 0.0
3849 10.53740779768177
1802 259.02668759811615
3850 0.0
1804 141.07883817427387
1805 5.730659025787966
2830 5.621135469364812
2845 17.07455890722823
2847 42.57332071901608
800 22.84408909194746
804 11.474469305794607
2852 0.0
2854 46.11837048424289
4903 0.0
831 5.611672278338945
836 0.0
3908 5.64652738565782
841 0.0
3913 17.045454545454547
843 86.0091743119266
844 5.714285714285714
2896 5.243838489774515
2897 0.0
2898 11.217049915872126
2914 11.357183418512209
2919 47.57785467128028
874 5.747126436781609
876 0.0
883 0.0
2934 751.4177693761815
2937 5.770340450086555
1915 5.599104143337066
1916 0.0
2945 0.0
2947 0.0
900 0.0
2954 80.0
907 5.64652738565782
3996 17.22158438576349
2975 66.95361071257771
4006 11.0803324099723
4008 0.0
4009 11.474469305794607
1968 21.893814997263274
4016 5.665722379603399
3003 0.0
960 0.0
3011 5000.0
965 0.0
1990 0.0
1991 0.0
972 16.025641025641026
1997 5.665722379603399
975 22.259321090706734
977 21.321961620469082
2001 146.37391882900866
3027 172.8795245813074
2005 16.163793103448278
2006 16.89189189189189
983 150.41242115477922
988 409.77961432506885
3036 8.92458723784025
989 5.757052389176741
3037 0.0
990 11.254924029262803
3038 11.363636363636363
991 11.344299489506524
993 11.46788990825688
994 0.0
996 0.0
997 5.770340450086555
998 0.0
4070 65.64551422319475
1001 38.96736483195324
1002 31.088082901554404
1003 0.0
1004 0.0
1005 65.58810668998689
1006 40.83021435862538
4078 54.6448087431694
1008 0.0
1020 11.049723756906078
